TimeS	Longitude	Latitude	PrDM	T090C	T190C	C0S/m	C1S/m	CStarTr0	FlECO-AFL	TurbWETntu0	Sbeox0V	AltM	Nbf	DepSM	Density00	Density11	Sal00	Sal11	SvCM	SvCM1	Sbeox0ML/L	Sbeox0Mg/L	Sbeox0Mm/Kg	Dz/dtM	T2-T190C	Flag
1164.062	-120.03038	34.26214	581.976	6.5583	6.558	3.446208	3.446795	93.3531	0.0595	0.6296	0.5158	3.3	1	577	1029.5487	1029.5541	34.2492	34.256	1485.56	1485.57	0.0319	0.0456	1.388	-0.148	-0.0003	0.00E+00
1160.798	-120.03036	34.26213	580.966	6.5581	6.5578	3.446146	3.446726	93.3728	0.036	0.6345	0.5157	4.32	1	576	1029.5442	1029.5496	34.2492	34.256	1485.55	1485.55	0.0317	0.0453	1.377	-0.188	-0.0003	0.00E+00
1164.706	-120.03036	34.26212	579.956	6.5579	6.5572	3.446083	3.446629	93.3935	0.054	0.6267	0.5157	5.23	1	575	1029.5396	1029.545	34.2492	34.256	1485.53	1485.53	0.0316	0.0452	1.374	-0.348	-0.0007	0.00E+00
1219.939	-120.03037	34.26213	578.946	6.557	6.5563	3.445958	3.446507	93.3069	0.0323	0.6336	0.5156	6.32	2	574	1029.5352	1029.5405	34.2492	34.256	1485.51	1485.51	0.0312	0.0447	1.359	-0.173	-0.0007	0.00E+00
1220.935	-120.03038	34.26214	577.936	6.5569	6.5564	3.445906	3.446475	93.3464	0.0245	0.6394	0.5156	7.29	2	573	1029.5305	1029.536	34.2492	34.256	1485.49	1485.5	0.0313	0.0448	1.363	-0.236	-0.0005	0.00E+00
1227.967	-120.03038	34.26214	576.926	6.5569	6.5564	3.445861	3.446424	93.3672	0.0545	0.6335	0.5156	8.37	2	572	1029.526	1029.5314	34.2492	34.256	1485.47	1485.48	0.0314	0.0449	1.366	-0.154	-0.0005	0.00E+00
1230.347	-120.03038	34.26214	575.916	6.557	6.5563	3.445812	3.446374	93.3534	0.0447	0.6397	0.5156	9.15	2	571	1029.5212	1029.5267	34.2491	34.256	1485.46	1485.46	0.0313	0.0447	1.361	-0.615	-0.0006	0.00E+00
1252.997	-120.03036	34.26213	574.906	6.5568	6.5563	3.445765	3.446334	93.3299	0.0446	0.6348	0.5156	10.45	2	570	1029.5168	1029.5222	34.2492	34.256	1485.44	1485.45	0.0314	0.0449	1.365	-0.006	-0.0005	0.00E+00
1283.663	-120.03034	34.26212	573.896	6.5571	6.5563	3.44574	3.44629	93.3409	0.0469	0.6387	0.5156	11.38	3	569	1029.5121	1029.5177	34.2492	34.256	1485.43	1485.43	0.0314	0.0448	1.364	-0.232	-0.0008	0.00E+00
1284.118	-120.03036	34.26212	572.886	6.5574	6.5568	3.445733	3.446293	93.3168	0.0373	0.6469	0.5156	12.42	3	568	1029.5076	1029.5131	34.2492	34.2561	1485.41	1485.42	0.0314	0.0449	1.366	-0.109	-0.0007	0.00E+00
1290.791	-120.03036	34.26212	571.876	6.5574	6.5568	3.445682	3.446251	93.3219	0.0429	0.644	0.5156	13.44	3	567	1029.5029	1029.5084	34.2492	34.256	1485.39	1485.4	0.0314	0.0449	1.367	-0.186	-0.0005	0.00E+00
1296.924	-120.03036	34.26212	570.866	6.5576	6.5572	3.445657	3.446238	93.2589	0.041	0.6475	0.5156	14.46	3	566	1029.4983	1029.5038	34.2492	34.2561	1485.38	1485.38	0.0314	0.0449	1.366	-0.141	-0.0004	0.00E+00
1333.604	-120.03038	34.26213	569.856	6.5579	6.5574	3.445641	3.446216	93.2948	0.0335	0.6451	0.5157	15.5	4	565	1029.4938	1029.4991	34.2492	34.2561	1485.36	1485.37	0.0315	0.045	1.369	-0.006	-0.0005	0.00E+00
1356.25	-120.03038	34.26212	568.846	6.5594	6.5584	3.445735	3.446262	93.3889	0.0414	0.626	0.5157	16.52	4	564	1029.4889	1029.4944	34.2492	34.2561	1485.35	1485.36	0.0315	0.045	1.369	-0.082	-0.001	0.00E+00
1366.566	-120.03038	34.26212	567.836	6.561	6.5596	3.445825	3.446321	93.4409	0.0404	0.6168	0.5156	17.47	4	563	1029.484	1029.4896	34.2491	34.256	1485.34	1485.34	0.0314	0.0448	1.364	-0.162	-0.0014	0.00E+00
1376.207	-120.03036	34.26212	566.826	6.5626	6.5612	3.445932	3.446418	93.5724	0.0391	0.6099	0.5157	18.42	4	562	1029.4792	1029.4847	34.2492	34.256	1485.33	1485.33	0.0316	0.0451	1.372	-0.286	-0.0014	0.00E+00
1393.677	-120.03036	34.26212	565.816	6.5646	6.5635	3.446057	3.446583	93.9387	0.041	0.604	0.5156	19.55	4	561	1029.4742	1029.4797	34.2491	34.256	1485.32	1485.33	0.0314	0.0449	1.366	-0.055	-0.001	0.00E+00
1426.949	-120.03036	34.26212	564.806	6.5653	6.5651	3.446086	3.446692	94.2901	0.0398	0.5709	0.5156	20.57	5	560	1029.4696	1029.475	34.2492	34.256	1485.31	1485.32	0.0314	0.0449	1.365	-0.041	-0.0002	0.00E+00
1437.519	-120.03036	34.26212	563.797	6.5657	6.5651	3.446066	3.446647	94.3931	0.0392	0.5594	0.5156	21.35	5	559	1029.4648	1029.4705	34.2491	34.256	1485.29	1485.3	0.0313	0.0447	1.36	-0.499	-0.0005	0.00E+00
1448.263	-120.03036	34.26212	562.787	6.5658	6.5653	3.446039	3.446615	94.4146	0.0365	0.5581	0.5156	22.6	5	558	1029.4603	1029.4658	34.2491	34.256	1485.28	1485.28	0.0312	0.0446	1.357	-0.127	-0.0005	0.00E+00
1454.13	-120.03036	34.26212	561.777	6.566	6.5655	3.446017	3.446594	94.4552	0.0472	0.5548	0.5157	23.52	5	557	1029.4557	1029.4612	34.2492	34.256	1485.26	1485.27	0.0315	0.045	1.37	-0.251	-0.0005	0.00E+00
1465.404	-120.03036	34.26212	560.767	6.5659	6.5655	3.445959	3.446542	94.4184	0.0379	0.5617	0.5156	24.52	5	556	1029.451	1029.4565	34.2491	34.256	1485.24	1485.25	0.0312	0.0446	1.358	-0.268	-0.0004	0.00E+00
1489.877	-120.03036	34.26212	559.757	6.5664	6.5659	3.445964	3.446537	94.456	0.0425	0.5541	0.5156	25.68	6	555	1029.4465	1029.452	34.2492	34.256	1485.23	1485.24	0.0311	0.0444	1.351	0.01	-0.0005	0.00E+00
1514.999	-120.03036	34.26212	558.747	6.5668	6.5664	3.445955	3.446543	94.5332	0.0403	0.5427	0.5155	26.65	6	554	1029.4419	1029.4473	34.2492	34.2561	1485.21	1485.22	0.0308	0.044	1.338	-0.099	-0.0004	0.00E+00
1521.987	-120.03036	34.26212	557.737	6.5671	6.5667	3.445938	3.446523	94.5405	0.0404	0.5555	0.5155	27.62	6	553	1029.4371	1029.4426	34.2491	34.256	1485.2	1485.21	0.0307	0.0438	1.334	-0.189	-0.0004	0.00E+00
1530.461	-120.03036	34.26212	556.727	6.5671	6.5668	3.445889	3.446482	94.5566	0.0428	0.5437	0.5155	28.63	6	552	1029.4325	1029.438	34.2491	34.256	1485.18	1485.19	0.0307	0.0438	1.334	-0.163	-0.0003	0.00E+00
1541.304	-120.03036	34.26212	555.717	6.5673	6.5667	3.44586	3.446434	94.5082	0.0426	0.5507	0.5154	29.67	6	551	1029.428	1029.4335	34.2491	34.256	1485.17	1485.17	0.0304	0.0435	1.324	-0.153	-0.0005	0.00E+00
1543.176	-120.03036	34.26212	554.707	6.5676	6.5671	3.445847	3.446425	94.5196	0.0437	0.5454	0.5156	30.56	6	550	1029.4233	1029.4288	34.2491	34.256	1485.15	1485.16	0.0313	0.0447	1.36	-0.369	-0.0005	0.00E+00
1592.82	-120.03036	34.26212	553.697	6.5681	6.5678	3.445856	3.446445	94.5158	0.0275	0.5431	0.5153	31.69	7	549	1029.4187	1029.4241	34.2492	34.256	1485.14	1485.14	0.0303	0.0433	1.316	-0.154	-0.0004	0.00E+00
1601.345	-120.03036	34.26212	552.687	6.5684	6.5679	3.445827	3.446411	94.5565	0.0419	0.553	0.5153	32.64	7	548	1029.4139	1029.4194	34.2491	34.256	1485.12	1485.13	0.0302	0.0431	1.312	-0.246	-0.0004	0.00E+00
1605.696	-120.03036	34.26212	551.677	6.569	6.5685	3.445835	3.44641	94.6124	0.0254	0.5429	0.5155	33.67	7	547	1029.4093	1029.4148	34.2491	34.2559	1485.11	1485.11	0.0307	0.0439	1.337	-0.317	-0.0005	0.00E+00
1613.06	-120.03036	34.26212	550.668	6.5693	6.5687	3.445815	3.446387	94.5891	0.0413	0.5376	0.5153	34.78	7	546	1029.4047	1029.4102	34.2491	34.256	1485.09	1485.1	0.03	0.0429	1.305	-0.076	-0.0006	0.00E+00
1618.098	-120.03036	34.26212	549.658	6.5699	6.5695	3.445826	3.446404	94.6608	0.0387	0.5341	0.5153	35.58	7	545	1029.3999	1029.4054	34.249	34.2559	1485.08	1485.08	0.0302	0.0431	1.312	-0.595	-0.0005	0.00E+00
1653.802	-120.03037	34.26212	548.648	6.5703	6.5699	3.445821	3.446404	94.7416	0.031	0.5269	0.5152	36.8	8	544	1029.3954	1029.4008	34.2491	34.2559	1485.06	1485.07	0.0297	0.0424	1.291	-0.033	-0.0004	0.00E+00
1681.101	-120.03038	34.2621	547.638	6.5705	6.57	3.44579	3.446367	94.7571	0.0416	0.5225	0.5152	37.68	8	543	1029.3906	1029.3961	34.249	34.2559	1485.05	1485.05	0.0296	0.0423	1.288	-0.332	-0.0005	0.00E+00
1688.24	-120.03038	34.26211	546.628	6.5708	6.5701	3.445769	3.446336	94.7319	0.0402	0.5314	0.5151	38.84	8	542	1029.386	1029.3916	34.249	34.2559	1485.03	1485.04	0.0293	0.0419	1.276	-0.073	-0.0007	0.00E+00
1700.048	-120.03038	34.26212	545.618	6.571	6.5705	3.445751	3.446323	94.7977	0.0405	0.5219	0.5151	39.78	8	541	1029.3813	1029.3868	34.249	34.2559	1485.01	1485.02	0.0292	0.0418	1.272	-0.214	-0.0006	0.00E+00
1739.359	-120.03035	34.26212	544.608	6.5722	6.5717	3.445815	3.446383	94.8447	0.0339	0.5216	0.515	40.9	9	540	1029.3766	1029.3821	34.249	34.2559	1485	1485.01	0.029	0.0414	1.26	-0.007	-0.0006	0.00E+00
1758.106	-120.03036	34.26211	543.598	6.5732	6.5724	3.445852	3.4464	94.8912	0.0404	0.5166	0.515	41.87	9	539	1029.3718	1029.3773	34.249	34.2558	1484.99	1484.99	0.0289	0.0414	1.259	-0.122	-0.0008	0.00E+00
1766.428	-120.03036	34.2621	542.589	6.5732	6.5725	3.445801	3.446367	94.9067	0.0404	0.5202	0.515	42.81	9	538	1029.3672	1029.3727	34.2489	34.2558	1484.97	1484.98	0.0289	0.0412	1.255	-0.273	-0.0006	0.00E+00
1772.457	-120.03036	34.2621	541.579	6.5731	6.5726	3.445755	3.44633	94.9173	0.0418	0.508	0.5149	43.94	9	537	1029.3627	1029.3682	34.2489	34.2558	1484.96	1484.96	0.0286	0.0409	1.244	-0.087	-0.0005	0.00E+00
1780.774	-120.03036	34.2621	540.569	6.5732	6.5726	3.445718	3.446284	94.9288	0.045	0.5178	0.5149	44.75	9	536	1029.358	1029.3635	34.2489	34.2557	1484.94	1484.95	0.0285	0.0408	1.241	-0.43	-0.0006	0.00E+00
1802.794	-120.03036	34.26211	539.559	6.5736	6.5732	3.445715	3.446293	94.9229	0.0362	0.5169	0.5149	46	9	535	1029.3534	1029.3589	34.2489	34.2558	1484.92	1484.93	0.0287	0.041	1.249	0.011	-0.0005	0.00E+00
1825.298	-120.03036	34.26212	538.549	6.5742	6.5737	3.445714	3.446291	94.8984	0.0337	0.5162	0.5149	46.85	10	534	1029.3488	1029.3541	34.2489	34.2558	1484.91	1484.92	0.0285	0.0407	1.24	-0.28	-0.0005	0.00E+00
1832.984	-120.03036	34.26212	537.539	6.5742	6.5737	3.445668	3.446251	94.8981	0.0303	0.5256	0.5149	47.91	10	533	1029.3441	1029.3496	34.2489	34.2558	1484.89	1484.9	0.0287	0.041	1.249	-0.231	-0.0005	0.00E+00
1837.987	-120.03036	34.26212	536.53	6.5744	6.574	3.445649	3.446238	94.9044	0.0331	0.5161	0.5149	48.98	10	532	1029.3395	1029.345	34.2489	34.2558	1484.88	1484.88	0.0284	0.0406	1.235	-0.145	-0.0004	0.00E+00
1843.473	-120.03036	34.26212	535.52	6.5747	6.5745	3.445632	3.446238	94.9135	0.0293	0.5159	0.5149	49.89	10	531	1029.3348	1029.3403	34.2489	34.2558	1484.86	1484.87	0.0286	0.0408	1.243	-0.379	-0.0002	0.00E+00
1849.155	-120.03036	34.26212	534.51	6.575	6.5746	3.445607	3.446203	94.9018	0.0323	0.516	0.5148	51.03	10	530	1029.3302	1029.3357	34.2489	34.2558	1484.85	1484.85	0.0282	0.0404	1.228	-0.098	-0.0003	0.00E+00
1887.581	-120.03037	34.26212	533.5	6.5762	6.5753	3.445669	3.446217	95.0093	0.0394	0.5143	0.5149	52.08	11	529	1029.3254	1029.3309	34.2488	34.2558	1484.83	1484.84	0.0284	0.0406	1.235	-0.025	-0.0009	0.00E+00
1907.428	-120.03038	34.26211	532.49	6.5777	6.5766	3.445758	3.446284	95.0735	0.0403	0.4993	0.5148	53.03	11	528	1029.3206	1029.326	34.2488	34.2557	1484.82	1484.83	0.0283	0.0404	1.231	-0.149	-0.001	0.00E+00
1914.658	-120.03038	34.2621	531.481	6.578	6.577	3.445736	3.446275	95.1037	0.0407	0.4916	0.5149	54.06	11	527	1029.3158	1029.3214	34.2487	34.2557	1484.81	1484.81	0.0285	0.0408	1.241	-0.14	-0.001	0.00E+00
1920.486	-120.03038	34.2621	530.471	6.5784	6.577	3.44573	3.446233	95.1015	0.0431	0.493	0.5148	55.08	11	526	1029.3113	1029.3169	34.2488	34.2557	1484.79	1484.8	0.0282	0.0402	1.225	-0.16	-0.0013	0.00E+00
1933.568	-120.03038	34.26211	529.461	6.5785	6.5775	3.445694	3.446232	95.1609	0.0409	0.4924	0.5149	56.14	11	525	1029.3066	1029.3121	34.2488	34.2557	1484.78	1484.78	0.0284	0.0406	1.234	-0.044	-0.0009	0.00E+00
1977.135	-120.03037	34.26212	528.451	6.5809	6.58	3.445865	3.44641	95.368	0.0298	0.4814	0.5148	57.11	12	524	1029.3016	1029.3071	34.2487	34.2556	1484.77	1484.77	0.0283	0.0405	1.232	-0.123	-0.0009	0.00E+00
1985.02	-120.03038	34.26212	527.442	6.5816	6.5807	3.445876	3.446415	95.3752	0.0207	0.477	0.5148	58.06	12	523	1029.2969	1029.3024	34.2487	34.2555	1484.76	1484.76	0.0282	0.0403	1.228	-0.346	-0.0009	0.00E+00
1990.719	-120.03037	34.26212	526.432	6.5829	6.5827	3.44595	3.446548	95.4479	0.043	0.4785	0.5148	59.16	12	522	1029.2921	1029.2975	34.2487	34.2555	1484.74	1484.75	0.0282	0.0403	1.228	-0.104	-0.0002	0.00E+00
1997.992	-120.03037	34.26212	525.422	6.5854	6.5845	3.446127	3.446669	95.5696	0.0346	0.4691	0.5148	60.16	12	521	1029.2871	1029.2926	34.2486	34.2555	1484.74	1484.74	0.0282	0.0403	1.227	-0.167	-0.0009	0.00E+00
2007.378	-120.03037	34.26212	524.412	6.5858	6.5853	3.446118	3.446689	95.6205	0.0405	0.4647	0.5148	61.18	12	520	1029.2825	1029.288	34.2486	34.2554	1484.72	1484.73	0.0282	0.0403	1.228	-0.095	-0.0006	0.00E+00
2043.155	-120.03036	34.26212	523.402	6.5877	6.5871	3.446234	3.446806	95.8261	0.0397	0.4369	0.5148	62.21	13	519	1029.2775	1029.283	34.2485	34.2554	1484.71	1484.72	0.0281	0.0402	1.223	-0.1	-0.0006	0.00E+00
2051.35	-120.03037	34.26212	522.393	6.5881	6.5875	3.446209	3.446785	95.8411	0.0398	0.4369	0.5148	62.95	13	518	1029.2727	1029.2782	34.2483	34.2553	1484.7	1484.7	0.0282	0.0403	1.228	-0.759	-0.0006	0.00E+00
2058.934	-120.03036	34.26212	521.383	6.588	6.5875	3.446175	3.446748	95.8274	0.0346	0.4267	0.5148	64.26	13	517	1029.2683	1029.2738	34.2485	34.2554	1484.68	1484.69	0.0282	0.0403	1.226	-0.022	-0.0005	0.00E+00
2067.026	-120.03036	34.26212	520.373	6.588	6.5875	3.446128	3.446702	95.8257	0.0368	0.4309	0.5148	65.22	13	516	1029.2637	1029.2692	34.2484	34.2554	1484.66	1484.67	0.0281	0.0401	1.22	-0.178	-0.0006	0.00E+00
2097.318	-120.03037	34.26212	519.363	6.5876	6.5872	3.446059	3.446635	95.8891	0.0382	0.4246	0.5148	66.33	14	515	1029.2592	1029.2646	34.2486	34.2554	1484.65	1484.65	0.0282	0.0404	1.229	-0.001	-0.0005	0.00E+00
2116.841	-120.03038	34.26212	518.354	6.5897	6.5888	3.446198	3.446741	96.0043	0.0329	0.4226	0.5148	67.27	14	514	1029.2543	1029.2598	34.2485	34.2554	1484.64	1484.64	0.0282	0.0404	1.228	-0.139	-0.0009	0.00E+00
2122.979	-120.03038	34.26212	517.344	6.592	6.5917	3.446349	3.446942	96.0486	0.0333	0.4143	0.5148	68.25	14	513	1029.2493	1029.2546	34.2484	34.2553	1484.63	1484.64	0.0281	0.0402	1.224	-0.195	-0.0003	0.00E+00
2131.548	-120.03038	34.26212	516.334	6.5922	6.5915	3.446318	3.446877	96.0866	0.0342	0.4157	0.5149	69.35	14	512	1029.2446	1029.2501	34.2484	34.2552	1484.61	1484.62	0.0283	0.0405	1.232	-0.142	-0.0007	0.00E+00
2137.13	-120.03039	34.26212	515.325	6.594	6.5938	3.446441	3.447038	96.1041	0.041	0.4192	0.5149	70.32	14	511	1029.2397	1029.2451	34.2484	34.2552	1484.6	1484.61	0.0284	0.0406	1.236	-0.201	-0.0003	0.00E+00
2162.694	-120.03038	34.26212	514.315	6.5959	6.5956	3.446558	3.447156	96.0545	0.0377	0.4118	0.5148	71.4	14	510	1029.2349	1029.2402	34.2483	34.2552	1484.59	1484.6	0.0282	0.0403	1.227	-0.008	-0.0003	0.00E+00
2182.691	-120.03038	34.26212	513.305	6.5971	6.5964	3.446623	3.447179	96.0722	0.0242	0.4094	0.5148	72.34	15	509	1029.2301	1029.2355	34.2483	34.2551	1484.58	1484.59	0.0283	0.0404	1.229	-0.184	-0.0007	0.00E+00
2193.306	-120.03038	34.26212	512.295	6.5981	6.5971	3.446668	3.447192	96.0908	0.0506	0.4017	0.5148	73.41	15	508	1029.2253	1029.2307	34.2483	34.2551	1484.57	1484.57	0.0282	0.0403	1.227	-0.118	-0.001	0.00E+00
2197.813	-120.03038	34.26212	511.286	6.6011	6.5994	3.44689	3.447356	96.2778	0.0345	0.3879	0.5149	74.35	15	507	1029.2202	1029.2258	34.2482	34.255	1484.57	1484.57	0.0283	0.0404	1.23	-0.236	-0.0017	0.00E+00
2209.013	-120.03038	34.2621	510.276	6.6001	6.6003	3.446751	3.447397	96.1202	0.0287	0.3961	0.5148	75.44	15	506	1029.2157	1029.2211	34.2482	34.2551	1484.54	1484.55	0.0283	0.0404	1.23	-0.097	0.0002	0.00E+00
2213.913	-120.03038	34.2621	509.266	6.6019	6.6016	3.446885	3.447462	96.5272	0.023	0.3904	0.5149	76.3	15	505	1029.2109	1029.2163	34.2483	34.255	1484.54	1484.54	0.0283	0.0404	1.231	-0.47	-0.0003	0.00E+00
2248.365	-120.03038	34.26211	508.257	6.6046	6.6042	3.447059	3.447647	96.9984	0.0411	0.2795	0.5148	77.48	16	504	1029.2058	1029.2113	34.2481	34.2549	1484.53	1484.54	0.0282	0.0404	1.228	-0.026	-0.0004	0.00E+00
2268.368	-120.03038	34.26212	507.247	6.6064	6.6063	3.447181	3.447786	97.1022	0.0272	0.2525	0.5149	78.49	16	503	1029.201	1029.2063	34.2481	34.2549	1484.52	1484.53	0.0284	0.0405	1.233	-0.102	-0.0001	0.00E+00
2272.219	-120.03038	34.26212	506.237	6.6137	6.6152	3.447882	3.448536	97.5113	0.0243	0.2509	0.5148	79.21	16	502	1029.196	1029.2003	34.249	34.2548	1484.53	1484.55	0.0283	0.0404	1.229	-0.727	0.0015	0.00E+00
2277.278	-120.03038	34.26212	505.228	6.6198	6.6208	3.448262	3.448978	97.3885	0.0279	0.2578	0.5149	80.51	16	501	1029.1896	1029.1948	34.2477	34.2546	1484.54	1484.55	0.0283	0.0405	1.232	-0.108	0.0011	0.00E+00
2309.947	-120.03038	34.26212	504.218	6.628	6.6271	3.448941	3.449481	97.5014	0.0351	0.2429	0.5149	81.57	16	500	1029.1836	1029.1891	34.2475	34.2544	1484.55	1484.56	0.0284	0.0406	1.236	-0.021	-0.0009	0.00E+00
2335.802	-120.03038	34.26212	503.208	6.6331	6.6338	3.44935	3.450032	97.6384	0.0252	0.2274	0.5149	82.54	17	499	1029.1781	1029.1835	34.2474	34.2542	1484.56	1484.57	0.0285	0.0408	1.241	-0.188	0.0007	0.00E+00
2342.552	-120.03036	34.26212	502.199	6.6335	6.6332	3.449333	3.449931	97.6407	0.0387	0.2246	0.515	83.56	17	498	1029.1735	1029.1788	34.2473	34.2542	1484.54	1484.55	0.0286	0.0409	1.244	-0.161	-0.0003	0.00E+00
2346.136	-120.03037	34.26212	501.189	6.6365	6.6384	3.449581	3.450336	97.7001	0.0325	0.2218	0.515	84.47	17	497	1029.1686	1029.1735	34.2475	34.254	1484.54	1484.55	0.0286	0.0409	1.243	-0.366	0.0018	0.00E+00
2352.806	-120.03036	34.26212	500.179	6.6356	6.6362	3.449429	3.450095	97.6928	0.0384	0.2253	0.515	85.56	17	496	1029.1639	1029.1692	34.2472	34.254	1484.52	1484.53	0.0289	0.0413	1.257	-0.212	0.0006	0.00E+00
2360.751	-120.03036	34.26212	499.17	6.6354	6.6346	3.449376	3.449914	97.592	0.0326	0.2224	0.5151	86.65	17	495	1029.1594	1029.1648	34.2473	34.2541	1484.5	1484.5	0.0291	0.0416	1.267	-0.125	-0.0008	0.00E+00
2364.915	-120.03036	34.26212	498.16	6.6398	6.6387	3.449712	3.45023	97.7162	0.0283	0.2215	0.5151	87.56	17	494	1029.1541	1029.1595	34.2472	34.254	1484.5	1484.5	0.0293	0.0419	1.274	-0.285	-0.0011	0.00E+00
2371.452	-120.03036	34.26212	497.151	6.6387	6.6383	3.449566	3.450155	97.7246	0.0265	0.2221	0.5154	88.67	17	493	1029.1495	1029.1552	34.2471	34.2541	1484.48	1484.49	0.0301	0.0431	1.31	-0.107	-0.0004	0.00E+00
2378.054	-120.03036	34.26213	496.141	6.6393	6.6387	3.44957	3.45015	97.7625	0.0366	0.2112	0.5155	89.65	17	492	1029.1449	1029.1504	34.2471	34.254	1484.46	1484.47	0.0305	0.0435	1.325	-0.197	-0.0005	0.00E+00
2383.365	-120.03038	34.26213	495.131	6.6415	6.6432	3.449735	3.450493	97.7841	0.0258	0.2118	0.5155	90.66	17	491	1029.14	1029.145	34.2472	34.2539	1484.46	1484.47	0.0306	0.0438	1.332	-0.177	0.0017	0.00E+00
2395.563	-120.03036	34.26212	494.122	6.6449	6.6449	3.449982	3.450596	97.7653	0.0271	0.2138	0.5161	91.74	17	490	1029.1349	1029.1401	34.247	34.2539	1484.45	1484.46	0.0326	0.0466	1.417	-0.042	0	0.00E+00
2427.429	-120.03036	34.26212	493.112	6.6534	6.6521	3.450687	3.451191	97.7968	0.0297	0.2005	0.5161	92.7	18	489	1029.1288	1029.1344	34.2468	34.2537	1484.47	1484.47	0.0326	0.0466	1.419	-0.242	-0.0013	0.00E+00
2437.523	-120.03036	34.26212	492.102	6.6594	6.6593	3.451169	3.451777	97.8003	0.0235	0.2029	0.5166	93.74	18	488	1029.1232	1029.1285	34.2466	34.2534	1484.48	1484.48	0.0344	0.0492	1.496	-0.148	-0.0001	0.00E+00
2445.141	-120.03036	34.26212	491.093	6.6614	6.6614	3.451295	3.451913	97.8177	0.0252	0.201	0.517	94.75	18	487	1029.1183	1029.1237	34.2465	34.2534	1484.47	1484.47	0.0358	0.0511	1.556	-0.184	-0.0001	0.00E+00
2448.744	-120.03038	34.26212	490.083	6.665	6.6639	3.451564	3.452083	97.8501	0.021	0.204	0.5172	95.67	18	486	1029.113	1029.1187	34.2464	34.2533	1484.46	1484.47	0.0368	0.0525	1.599	-0.293	-0.0011	0.00E+00
2453.017	-120.03038	34.26212	489.074	6.6706	6.6703	3.452034	3.452592	97.8725	0.0276	0.2004	0.5173	96.75	18	485	1029.1078	1029.1129	34.2465	34.253	1484.47	1484.48	0.037	0.0529	1.611	-0.209	-0.0003	0.00E+00
2459.421	-120.03038	34.26212	488.064	6.6705	6.6715	3.451994	3.452683	97.8775	0.0264	0.2052	0.5174	97.75	18	484	1029.1033	1029.1083	34.2467	34.2533	1484.45	1484.46	0.0371	0.0531	1.615	-0.318	0.0011	0.00E+00
2465.05	-120.03038	34.26212	487.055	6.6762	6.6767	3.452414	3.453085	97.8976	0.0243	0.1944	0.5175	98.82	18	483	1029.0974	1029.1028	34.2461	34.253	1484.46	1484.47	0.0376	0.0537	1.634	-0.137	0.0005	0.00E+00
2467.45	-120.03038	34.26212	486.045	6.6911	6.6919	3.453804	3.454393	97.9115	0.0274	0.201	0.5178	99.64	18	482	1029.0914	1029.0958	34.2471	34.2528	1484.5	1484.51	0.0388	0.0555	1.689	-0.631	0.0008	0.00E+00
2474.061	-120.03038	34.26212	485.035	6.7019	6.6927	3.454562	3.454354	97.9395	0.0272	0.1894	0.5191	100.05	18	481	1029.0839	1029.0905	34.2453	34.2521	1484.52	1484.5	0.0434	0.0621	1.89	0.026	-0.0091	0.00E+00
2477.778	-120.03038	34.26212	484.026	6.7126	6.7119	3.455521	3.456054	97.987	0.0243	0.1936	0.5195	99.95	18	480	1029.078	1029.0833	34.2456	34.2522	1484.55	1484.55	0.0449	0.0642	1.954	-0.491	-0.0007	0.00E+00
2483.02	-120.03038	34.26212	483.016	6.7128	6.71	3.455472	3.455832	97.9804	0.023	0.189	0.5199	99.95	18	479	1029.0731	1029.0789	34.2454	34.2521	1484.53	1484.53	0.0461	0.0658	2.003	-0.274	-0.0028	0.00E+00
2488.544	-120.03038	34.26212	482.007	6.7141	6.7126	3.455498	3.456	97.9745	0.0232	0.1836	0.52	99.95	18	478	1029.068	1029.0736	34.2449	34.2518	1484.52	1484.52	0.0467	0.0667	2.031	-0.134	-0.0014	0.00E+00
2494.251	-120.03038	34.26212	480.997	6.7186	6.7168	3.455911	3.456323	97.9886	0.0275	0.1891	0.5199	99.95	18	477	1029.0631	1029.0684	34.2454	34.2518	1484.52	1484.52	0.0462	0.066	2.01	-0.522	-0.0019	0.00E+00
2497.691	-120.03038	34.26212	479.988	6.7231	6.7203	3.456206	3.456582	97.9614	0.0284	0.1883	0.5208	99.95	18	476	1029.0573	1029.0631	34.2447	34.2516	1484.52	1484.52	0.0495	0.0707	2.153	-0.175	-0.0028	0.00E+00
2502.9	-120.03038	34.26212	478.978	6.7231	6.7204	3.456157	3.456545	98.0154	0.0277	0.1926	0.521	99.95	18	475	1029.0526	1029.0585	34.2446	34.2516	1484.51	1484.5	0.0502	0.0718	2.184	-0.243	-0.0027	0.00E+00
2565.935	-120.03036	34.26212	477.969	6.7258	6.7225	3.456327	3.456673	97.999	0.0325	0.182	0.5209	99.95	19	474	1029.0475	1029.0535	34.2443	34.2514	1484.5	1484.5	0.0498	0.0712	2.166	-0.065	-0.0033	0.00E+00
2568.549	-120.03036	34.26212	476.959	6.7299	6.7289	3.456662	3.457183	97.9886	0.024	0.1827	0.5211	99.95	19	473	1029.0424	1029.0477	34.2444	34.2511	1484.5	1484.5	0.0502	0.0718	2.185	-0.21	-0.001	0.00E+00
2575.425	-120.03036	34.26212	475.949	6.7319	6.7324	3.456766	3.45743	97.9814	0.0248	0.1893	0.5211	99.95	19	472	1029.0372	1029.0425	34.2441	34.2509	1484.49	1484.5	0.0503	0.0719	2.188	-0.102	0.0005	0.00E+00
2580.892	-120.03037	34.26212	474.94	6.7346	6.7338	3.456957	3.457502	97.9519	0.0418	0.1933	0.5211	99.95	19	471	1029.0321	1029.0375	34.2439	34.2507	1484.48	1484.49	0.0504	0.072	2.19	-0.249	-0.0008	0.00E+00
2588.239	-120.03037	34.26212	473.93	6.7354	6.7362	3.456976	3.457659	97.973	0.0308	0.1864	0.5211	99.95	19	470	1029.0272	1029.0325	34.2438	34.2506	1484.47	1484.48	0.0503	0.0719	2.188	-0.122	0.0008	0.00E+00
2594.499	-120.03038	34.26212	472.921	6.7436	6.7436	3.457636	3.458242	97.9114	0.0304	0.189	0.5213	99.95	19	469	1029.0212	1029.0265	34.2435	34.2501	1484.48	1484.49	0.0512	0.0732	2.228	-0.213	0	0.00E+00
2600.145	-120.03038	34.26212	471.911	6.748	6.7471	3.457956	3.458522	97.7261	0.0235	0.1865	0.5221	99.95	19	468	1029.0156	1029.0215	34.2431	34.2503	1484.48	1484.49	0.0539	0.077	2.343	-0.191	-0.001	0.00E+00
2608.728	-120.03038	34.26212	470.902	6.7548	6.7528	3.458459	3.458916	97.8188	0.0258	0.1854	0.5223	99.95	19	467	1029.0095	1029.0153	34.2423	34.2493	1484.49	1484.49	0.0546	0.078	2.374	-0.182	-0.002	0.00E+00
2613.559	-120.03038	34.26212	469.892	6.7722	6.7758	3.459937	3.460849	97.7731	0.029	0.1941	0.5259	99.95	19	466	1029.002	1029.0066	34.2418	34.2483	1484.54	1484.57	0.0673	0.0962	2.928	-0.163	0.0036	0.00E+00
2621.458	-120.03038	34.26212	468.883	6.7674	6.7742	3.459534	3.460666	97.7268	0.0266	0.2131	0.5286	99.95	19	465	1028.9988	1029.0022	34.2426	34.2484	1484.51	1484.54	0.077	0.1101	3.35	-0.179	0.0068	0.00E+00
2672.599	-120.03035	34.26212	467.873	6.7837	6.7739	3.46083	3.460671	97.6801	0.0246	0.19	0.5328	99.95	20	464	1028.9906	1028.9983	34.2412	34.2492	1484.56	1484.53	0.0919	0.1314	3.999	-0.062	-0.0098	0.00E+00
2693.468	-120.03036	34.26212	466.864	6.8106	6.8091	3.463133	3.463627	97.7013	0.0233	0.1952	0.5406	99.95	20	463	1028.9814	1028.9871	34.2403	34.2472	1484.64	1484.65	0.1197	0.1711	5.207	-0.106	-0.0015	0.00E+00
2700.917	-120.03036	34.26212	465.854	6.8093	6.8086	3.462982	3.463532	97.6613	0.0202	0.1953	0.5395	99.95	20	462	1028.9772	1028.9824	34.2404	34.2471	1484.62	1484.63	0.1158	0.1655	5.038	-0.191	-0.0006	0.00E+00
2703.551	-120.03036	34.26212	464.845	6.8249	6.8261	3.464286	3.465014	97.7744	0.0198	0.1949	0.5406	99.95	20	461	1028.9697	1028.9749	34.2398	34.2466	1484.66	1484.68	0.1198	0.1712	5.21	-0.412	0.0012	0.00E+00
2711.082	-120.03036	34.26212	463.836	6.8224	6.8238	3.464036	3.464775	97.7328	0.0185	0.1823	0.5409	99.95	20	460	1028.9656	1028.9708	34.2399	34.2467	1484.64	1484.65	0.1206	0.1724	5.246	-0.217	0.0013	0.00E+00
2718.145	-120.03036	34.26212	462.826	6.8401	6.8317	3.465524	3.465415	97.8081	0.0247	0.1942	0.5426	99.95	20	459	1028.9579	1028.9647	34.2392	34.2463	1484.69	1484.67	0.1267	0.181	5.51	-0.123	-0.0084	0.00E+00
2723.503	-120.03036	34.26212	461.817	6.8454	6.8403	3.465949	3.466158	97.7376	0.0304	0.1964	0.5436	99.95	20	458	1028.9525	1028.959	34.2391	34.2464	1484.69	1484.68	0.1302	0.1861	5.663	-0.363	-0.005	0.00E+00
2731.171	-120.03036	34.26212	460.807	6.8442	6.8435	3.465782	3.466367	97.8248	0.02	0.1872	0.5455	99.95	20	457	1028.9479	1028.9536	34.2389	34.2461	1484.67	1484.68	0.1369	0.1957	5.955	-0.279	-0.0007	0.00E+00
2736.805	-120.03036	34.26212	459.798	6.8524	6.848	3.46647	3.466717	97.8347	0.0193	0.1852	0.5458	99.95	20	456	1028.942	1028.9482	34.2389	34.246	1484.69	1484.68	0.1381	0.1974	6.008	-0.126	-0.0044	0.00E+00
2743.718	-120.03036	34.26212	458.788	6.8512	6.851	3.466333	3.466966	97.8424	0.0311	0.1854	0.546	99.95	20	455	1028.9377	1028.9434	34.2391	34.2462	1484.67	1484.67	0.1387	0.1982	6.032	-0.131	-0.0002	0.00E+00
2749.358	-120.03036	34.26212	457.779	6.8506	6.8574	3.466231	3.467466	97.8823	0.0188	0.2092	0.5466	99.95	20	454	1028.9332	1028.9376	34.239	34.2458	1484.65	1484.68	0.1409	0.2013	6.126	-0.32	0.0068	0.00E+00
2756.619	-120.03036	34.26212	456.769	6.8523	6.8599	3.46636	3.467611	97.8978	0.0278	0.172	0.5467	99.95	20	453	1028.9286	1028.9324	34.2392	34.2455	1484.64	1484.67	0.1411	0.2016	6.136	-0.089	0.0076	0.00E+00
2760.433	-120.03036	34.26212	455.76	6.8796	6.8849	3.468846	3.469833	97.9498	0.0135	0.1769	0.5472	99.95	20	452	1028.9205	1028.9242	34.2399	34.2455	1484.73	1484.76	0.143	0.2043	6.218	-0.398	0.0052	0.00E+00
2767.663	-120.03036	34.26212	454.751	6.8926	6.8867	3.469846	3.469904	98.0009	0.0213	0.1773	0.5507	99.95	20	451	1028.9128	1028.9188	34.2384	34.245	1484.76	1484.74	0.1552	0.2217	6.748	-0.199	-0.006	0.00E+00
2775.794	-120.03037	34.26212	453.741	6.8984	6.8898	3.470271	3.470131	98.0033	0.0169	0.1741	0.5538	99.95	20	450	1028.907	1028.9137	34.2379	34.2449	1484.77	1484.74	0.1663	0.2377	7.235	-0.193	-0.0086	0.00E+00
2833.555	-120.03036	34.26212	452.732	6.8817	6.8804	3.46875	3.46926	97.9941	0.0212	0.1737	0.5519	99.95	21	449	1028.905	1028.9108	34.2382	34.2451	1484.68	1484.69	0.1594	0.2278	6.934	-0.035	-0.0013	0.00E+00
2840.388	-120.03038	34.26212	451.722	6.8922	6.8905	3.469637	3.470113	98.0857	0.0211	0.1736	0.553	99.95	21	448	1028.8988	1028.9044	34.238	34.2449	1484.71	1484.71	0.1633	0.2334	7.103	-0.228	-0.0016	0.00E+00
2845.276	-120.03038	34.26212	450.713	6.9023	6.9025	3.470491	3.47112	98.0909	0.0267	0.1745	0.554	99.95	21	447	1028.8927	1028.8978	34.2379	34.2446	1484.73	1484.74	0.1669	0.2385	7.258	-0.312	0.0002	0.00E+00